timestamp_ms,hash,chain_id,from,to,value,nonce,gas,gas_price,gas_tip_cap,gas_fee_cap,data_size,data_4bytes,sources,included_at_block_height,included_block_timestamp_ms,inclusion_delay_ms,tx_type
1759605086385,0x031514274f7878b05ef7f428c3502048d7347335b7648f0ca6e56d44969f7c51,1,0xaa8ba7d4611437141192e7ceced531bc0a133efb,0xdac17f958d2ee523a2206206994597c13d831ec7,0,83224,500000,2102075383,2000000000,2458844413,68,0xa9059cbb,alchemy_ws,0,0,0,0x2
1759605086385,0x55cf0fd14b37c6a237245d3aee588208cea1e049a32d6875183896880a6d706b,1,0xb101cab40066147b8a572b1e05dff2a35a2dc033,0x974caa59e49682cda0ad2bbe82983419a2ecc400,230103132718406,92,21000,112094308,0,112094308,0,,alchemy_ws,0,0,0,0x0
1759605086385,0xca54ec7d31f387b6a3753f581df17d278b9bafc1dbdf52069c6f1c315794fbf2,1,0x44e6fe8bd50a33c9b406bf2acc8e01bdd8336c1b,0x974caa59e49682cda0ad2bbe82983419a2ecc400,230111962210406,23,21000,111673856,0,111673856,0,,alchemy_ws,0,0,0,0x0
1759605086385,0x33468a7b660c6f29c3cf2a50583fb1dff58971d84e37cbd5eb35ac0a6d010017,1,0x452eb67dd5be6f35ed68fa972d4fdab72e7bc3df,0x974caa59e49682cda0ad2bbe82983419a2ecc400,230111962210406,123,21000,111673856,0,111673856,0,,alchemy_ws,0,0,0,0x0
1759605086385,0xaa8830648732361421d215fd293f96c12fbe8517c3699d9ec706cc74eb5ac29f,1,0xe93685f3bba03016f02bd1828badd6195988d950,0x173272739bd7aa6e4e214714048a9fe699453059,0,2685247,401607,173339557,71264174,193754633,420,0xcfc32570,alchemy_ws,0,0,0,0x2
1759605086385,0x9956417ec2ff55b544e14d07c0dbb3d693ae0fe0fd14d27e9397f6d3a3a8a969,1,0x1210f492dd0808601dca31d59cfdd9df5288f2f0,0x974caa59e49682cda0ad2bbe82983419a2ecc400,229979027662970,32,21000,111673856,0,111673856,0,,alchemy_ws,0,0,0,0x0
1759605086385,0x280f4fdedb6dc048df1b6eee6c291d72e7caf1f044601f88a14b519a2b17617a,1,0xc4b5c922f531c0993c53d4fd7b72f5d4f45a4095,0x974caa59e49682cda0ad2bbe82983419a2ecc400,208361997610406,90,21000,111673856,0,111673856,0,,alchemy_ws,0,0,0,0x0
1759605086385,0x6c92b717fce3f9c1a3220ff5a185ef4118146cf717c520ea61fb1e4ccf627c3a,1,0x48c215961e562c21d419161ecf914c8321301f5c,0x974caa59e49682cda0ad2bbe82983419a2ecc400,255755535034382,639,21000,111673856,0,111673856,0,,alchemy_ws,0,0,0,0x0
1759605086385,0x14bd852ee44f21b4d4ce8a622e0d95281408f40a9ce93c3035df3b890e7ed67a,1,0x43f5814c6d49cde368f00ef015c1b46615ff1e2b,0x974caa59e49682cda0ad2bbe82983419a2ecc400,229979027662970,51,21000,111673856,0,111673856,0,,alchemy_ws,0,0,0,0x0
1759605086385,0x393bfabbee40c21a15640e5276d67ba58723400cd159a3396483ba0122dd80f6,1,0x5a1219ad4451ccfdeb080c3f8dee50696d3c7f70,0x974caa59e49682cda0ad2bbe82983419a2ecc400,230111962210406,3,21000,111673856,0,111673856,0,,alchemy_ws,0,0,0,0x0
1759605086385,0xbf675829968ab766534a708604cc0f013b6b1fe36108719834c7b180a4e1e2c2,1,0xaa8ba7d4611437141192e7ceced531bc0a133efb,0xdac17f958d2ee523a2206206994597c13d831ec7,0,83225,500000,2114829719,2000000000,2458844413,68,0xa9059cbb,alchemy_ws,0,0,0,0x2
1759605086385,0xdc0daf425f2203af1ee53fea12a1c07c39328ce3fd5d5a7f555b83715ad39d8d,1,0x6df9113fe6ce043be0ef70ba58a461223885c54b,0x3e2aa2c4e36b07c48f90ed34eee12bdde9e5fd71,0,6086,431398,114889539,59820,306271014,6020,0x8aaa8f3b,alchemy_ws,0,0,0,0x2
1759605086385,0x6438b9b928fd8ade5643a66b8712852055c0002c491dfe1d95354d523cddbc87,1,0xa13c2ac68910456c199ff4a4ed626ba76848c979,0x974caa59e49682cda0ad2bbe82983419a2ecc400,229979027662970,1,21000,111673856,0,111673856,0,,alchemy_ws,0,0,0,0x0
1759605086385,0x274ffff25d215ea7083010af5761be19de683f14f652628a150bfe50b3c88c8f,1,0x2d945b30ac855b500b1d4e9e7e449cdd351cc016,0x974caa59e49682cda0ad2bbe82983419a2ecc400,229979027662970,55,21000,111673856,0,111673856,0,,alchemy_ws,0,0,0,0x0
1759605086385,0x0d1fab0cf15d8a6ddff093138b8aafd089540305e5de9a7fafebc903b09fc8fd,1,0xdfaa75323fb721e5f29d43859390f62cc4b600b8,0xd6367b4ef12b53299b83e835a6981ed0db722753,214533590000000000,366727,75000,115376968,547249,138017016,0,,alchemy_ws,0,0,0,0x2
1759605086385,0x27464d8fff6d1bf0984592ba11cc6ec8a5740e4083181ab14d125c095b4193eb,1,0x992072538ce90019fd22221bbefa555f507f0b23,0x974caa59e49682cda0ad2bbe82983419a2ecc400,230113385686430,1,21000,111673856,0,111673856,0,,alchemy_ws,0,0,0,0x0
1759605086385,0x45133081ca69e2424cf324f24061d683460899ecaa371a6a390d3ff0a85cbd24,1,0x56eddb7aa87536c09ccc2793473599fd21a8b17f,0x37af662ca2a0759bed5d38606f1e2e4b1fbdff01,2639190160000000000,8459971,207128,302075383,200000000,102000000000,0,,alchemy_ws,0,0,0,0x2
1759605086385,0x60303037f0ba16884c4ce936acfd501f60a3e7c7d462f43b8307fc430e025265,1,0x62e84471e7e9aa37f70e331df795ec4045193988,0x974caa59e49682cda0ad2bbe82983419a2ecc400,230111962210406,47,21000,111673856,0,111673856,0,,alchemy_ws,0,0,0,0x0
1759605086385,0x1ff6da4b1434c2959157bbf91ddb0c497228d6f085e2fcd85a91e58e1a2558b1,1,0x9ec3b0d62a3ca56974516bb3ed2af07d5e1963b1,0x0000000000001ff3684f28c67538d4d072c22734,2018039338290518,106,313690,181075383,79000000,280000000,2020,0x2213bc0b,alchemy_ws,0,0,0,0x2
1759605086385,0x4cc44a9953bdcedf8d524ecb5ae8150309a451577e555b1dca94ce074f0c945c,1,0x4a1b075c45ef942fd7c1d96f2c813c92fb6f3790,0x6982508145454ce325ddbe47a25d4ec3d2311933,0,0,52141,115376968,547249,137363187,68,0xa9059cbb,alchemy_ws,0,0,0,0x2
1759605086385,0x7f5d5e7f50a8078c28843cc0fd6761ebcc2a7dc2a76c9a283bace3d6e1432148,1,0x458c2a06ba8dc3def078513ad98e9da8ced39e02,0x952a6b90ddc841da6e770d71ff7c74eab45e3d0f,500000000000000,573834,22000,1000000000,0,1000000000,0,,alchemy_ws,0,0,0,0x0
1759605086385,0xe8bb305bfe75ece8fc92303c9bcdd5730de9d7a88610964892b87496b835f188,1,0xb52606cb23a05aa09af2172a754890af0e1446ce,0x9ce84f6a69986a83d92c324df10bc8e64771030f,0,443,500000,2114829719,2000000000,2458844413,68,0xa9059cbb,alchemy_ws,0,0,0,0x2
1759605086385,0x4f3ae7b461856ce96fb1f81554aeb844d1dbab164817b6f865e17a513c7d0148,1,0xb43c1981d57161dcb077ee4bcbb2d376b577a857,0xb9f4fc6d04845dc6570acbcf1b508f26e66bf280,12797938058596000,78257,21000,336282924,0,336282924,0,,alchemy_ws,0,0,0,0x0
1759605086385,0x4af17aa1ad42e76911855adf77da40ba8825809bfec92fa4c2c3cf634031515a,1,0x19ee1adc27ab6c7df0e1623f307210243313e493,0x974caa59e49682cda0ad2bbe82983419a2ecc400,208361997610406,30,21000,111673856,0,111673856,0,,alchemy_ws,0,0,0,0x0
1759605086385,0x9117708c4a7b4f4238132c039ea08a3608757b0bbc473fc274933e8c28909a65,1,0xe5821092992a58e35cc7f87a0f7927956d80046b,0x974caa59e49682cda0ad2bbe82983419a2ecc400,230111962210406,3,21000,111673856,0,111673856,0,,alchemy_ws,0,0,0,0x0
1759605086385,0x10b348383455acf90250b15e57ddb3f5098d89abc0fc257a9f9b8ee6f1d7707d,1,0xc1b634853cb333d3ad8663715b08f41a3aec47cc,0x1c479675ad559dc151f6ec7ed3fbf8cee79582b6,0,972716,221267,1114427397,1000000000,11120643980,164,0x3e5aa082,alchemy_ws,0,0,0,0x3
1759605086385,0x4396a7d8cdc74dd5f4160fadb58128581222e132acbb97afab0f6250030c08c3,1,0xa03400e098f4421b34a3a44a1b4e571419517687,0xcf0c122c6b73ff809c693db761e7baebe62b6a2e,0,685665,300000,2302075383,2200000000,2760440657,68,0xa9059cbb,alchemy_ws,0,0,0,0x2
1759605086385,0x182b08a23fdbb62ea577fbeb7f2f6cc151d7b36b46f9fa19f218c5710f8e2277,1,0x32809ab7a0dfc717136b606104abd5bb0fda35b7,0x974caa59e49682cda0ad2bbe82983419a2ecc400,230113385686430,3,21000,111673856,0,111673856,0,,alchemy_ws,0,0,0,0x0
1759605086385,0x09c7cef0d722b3a163f373517056782a5aa0e981c206ae631db7186a94690d48,1,0x39acee249edac6c1128f05b1a2831a6863552a44,0x974caa59e49682cda0ad2bbe82983419a2ecc400,208230525166850,38,21000,111673856,0,111673856,0,,alchemy_ws,0,0,0,0x0
1759605086385,0x940cb280af0dce34b0161903e337229a00e2778cea904453a1d8eb2507f50f0e,1,0x58a941bbf48ad49b367baf5eef58ffaa6d963494,0xdac17f958d2ee523a2206206994597c13d831ec7,0,11,51126,191075383,89000000,217939505,68,0xa9059cbb,alchemy_ws,0,0,0,0x2
1759605086385,0xe309f705d1602c43c2482c80fb05a148629a9162f202a4a6bea98cde57ebb673,1,0x5a8179b9f028a71f709c4e5d25b98b26a41c4602,0xdac17f958d2ee523a2206206994597c13d831ec7,0,681,70000,127435624,25360241,144531434,68,0xa9059cbb,alchemy_ws,0,0,0,0x2
1759605086385,0x228b6d935c2757530098387dabe31ad7ae78b8a8cc0bdd9afa8554fd1985abc3,1,0x1d76d30ad0321f323096f27f4bc3317b40692e1f,0x974caa59e49682cda0ad2bbe82983419a2ecc400,230113385686430,9,21000,111673856,0,111673856,0,,alchemy_ws,0,0,0,0x0
1759605086385,0x742922bbac51de9f183de2984649732ed7367fbc428b49f1cef19c093c80ccf9,1,0xb28a8ac7c1bc5c004933970d49c1f46ec6a1807b,0x0000000000001ff3684f28c67538d4d072c22734,1020013338776375,15,315922,202075383,100000000,226426150,1924,0x2213bc0b,alchemy_ws,0,0,0,0x2
1759605086385,0xae0459178be71436a971fab590eb638e49ae7ce38636f0d95b5056fdb97ea901,1,0xf8b758d663f2f3b513e98bf65139eb93e8669feb,0x974caa59e49682cda0ad2bbe82983419a2ecc400,12816579974841985,74,21000,111673856,0,111673856,0,,alchemy_ws,0,0,0,0x0
1759605086385,0x8ef298a9463b4801463a503140224f6640d918a00fe87b729227838f04e4fd29,1,0xa473534510dbb05120ceac8ad60134920cb5d723,0xa0b86991c6218b36c1d19d4a2e9eb0ce3606eb48,0,42,90000,2114829719,2000000000,200000000000,68,0xa9059cbb,alchemy_ws,0,0,0,0x2
1759605086385,0x66336a63d5bfbbcb161f6f96ad287dc98e42599ecfb57c2a3e5f1d076136f20d,1,0xdb1a2cce8567d84c4eb28bf6ddfe6f19b6c2a961,0x974caa59e49682cda0ad2bbe82983419a2ecc400,229980489766850,90,21000,111673856,0,111673856,0,,alchemy_ws,0,0,0,0x0
1759605086385,0x50326b714800ef22ebe506117b03dc7bda65c4bc2ea5ca403f0bc60fa0959554,1,0x56eddb7aa87536c09ccc2793473599fd21a8b17f,0xdac17f958d2ee523a2206206994597c13d831ec7,0,8459972,220436,314829719,200000000,102000000000,68,0xa9059cbb,alchemy_ws,0,0,0,0x2
1759605086385,0xd22043ac28f6d100abb62875a66e69009f97f8cc64032d397d1f6fbf60287641,1,0x58071bc0456a587f08396374903ddee0a6c61de1,0x974caa59e49682cda0ad2bbe82983419a2ecc400,229971660274850,1,21000,112094308,0,112094308,0,,alchemy_ws,0,0,0,0x0
1759605086385,0xd3a3a7d7082937ca3bab05a92f25694588763a36ec5287271f9a89ab78177d40,1,0x4aaa78bb615a35f20ea6b480b3db2cf6ba622ee6,0x974caa59e49682cda0ad2bbe82983419a2ecc400,19997654849024000,58,21000,111673856,0,111673856,0,,alchemy_ws,0,0,0,0x0
1759605086385,0xc30014afad6b68583c2cd8a4ca5fb2385cc36a72db2328019953d7c9633b56e4,1,0x69112e526d08bd8258d57386e7fc567d33fcf11c,0x4fdbd8a4d0368033c095619d75d4f597c6fcab9f,710000000000000000,48,21000,614829719,500000000,650719327,0,,alchemy_ws,0,0,0,0x2
1759605086385,0xfb7eb5ce49e473ca5bca3e7d7a9e60ddffda415d706669fff4dc7b09405b6200,1,0x851b6c26d68c982307e31ed233ec39b31472ca17,0x7a250d5630b4cf539739df2c5dacb4c659f2488d,31000000000000000,2545,145390,114859629,29910,223317802,228,0x7ff36ab5,alchemy_ws,0,0,0,0x2
1759605086385,0xe9f26119e4af736fe141f241ec16752c1f70b556024948ca7a579ce40aeb19e9,1,0x6dc8d999b98e4906008ddaaea4bb19b18f0e9aa2,0x974caa59e49682cda0ad2bbe82983419a2ecc400,230111962210406,28,21000,111673856,0,111673856,0,,alchemy_ws,0,0,0,0x0
1759605086385,0x925381b096d57cb1c70875e71f13f5c4ca146cfafe6a6d45aa4805d87714cfcb,1,0x252a66925c1c368e2496210b6325f8dd6655840e,0x974caa59e49682cda0ad2bbe82983419a2ecc400,208353168118406,157,21000,112094308,0,112094308,0,,alchemy_ws,0,0,0,0x0
1759605086385,0x99d650ed374752075b19b4a8b0a7c5e41018fa8dec1b8dc3752c6b003bf83598,1,0xfc9188f4024084a1d71f996770165120a1fd119e,0x1231deb6f5749ef6ce6943a275a1d3e7486f4eae,0,10,239531,161452955,59377572,193350307,1444,0xee3314a1,alchemy_ws,0,0,0,0x2
1759605086385,0x45f63e6eafa3d0a873a70372992fabaa6bbdeabc34247491bd56c8de7608e6ad,1,0xf7da105181e17ffebc76e33659ce06465f8e25de,0xdac17f958d2ee523a2206206994597c13d831ec7,0,239,70434,191075383,89000000,215072447,68,0xa9059cbb,alchemy_ws,0,0,0,0x2
1759605086385,0x773ec8321afec911eadcf7f60ea17e33880fa50536a980182802f3f9230da397,1,0xb9b4848461670188a92257de76e437c6a68c4949,0x974caa59e49682cda0ad2bbe82983419a2ecc400,230111962210406,25,21000,111673856,0,111673856,0,,alchemy_ws,0,0,0,0x0
1759605086385,0x597dcc429b2fab64828d3484c8489f4273ab55e9d0ab9572e88c695c8e8025c9,1,0x2803d3552fa437140b4b69e8cc6a8c8edfff7b3d,0x974caa59e49682cda0ad2bbe82983419a2ecc400,230113385686430,144,21000,111673856,0,111673856,0,,alchemy_ws,0,0,0,0x0
1759605086385,0x4fe26cf3cb8a64630263e3925dd2549637cf36e2b8f7d1b183e41340af1421e2,1,0x3ada6dbce7078d2ecace43fc55e65658ab2a032e,0x974caa59e49682cda0ad2bbe82983419a2ecc400,230111962210406,66,21000,111673856,0,111673856,0,,alchemy_ws,0,0,0,0x0
1759605086385,0xe37d8c41c6e5e40c837b65dbf9365dfc967007778d30ad47be3ec410c2fa56b4,1,0xeb43529fa633b2a8f1f304e2d7b29802656feeb1,0xb4c6fedd984bc983b1a758d0875f1ea34f81a6af,0,105,78000,193829719,79000000,280000000,68,0x095ea7b3,alchemy_ws,0,0,0,0x2
1759605086385,0x7f57897e2aa2f41c1739b1be03cc414b5438cc4cbd068899e22ceef807d1df79,1,0x4967b31f31f647f3873fc23c5c263b90f84833c4,0x974caa59e49682cda0ad2bbe82983419a2ecc400,2486063022072028,4,21000,112094308,0,112094308,0,,alchemy_ws,0,0,0,0x0
1759605086385,0xc1972ba830a65e8de2661a76d1453a8e39e0f6575ac72dfe041ac61147987e18,1,0xec3ea10340fed705cc770374e1b6f1640b16e542,0x974caa59e49682cda0ad2bbe82983419a2ecc400,229980489766850,1,21000,111673856,0,111673856,0,,alchemy_ws,0,0,0,0x0
1759605086385,0x5c0acf47d17d10414942bb7ec85ab4fd93158f0187f3a29196d9d251a86d53a9,1,0x0521d500f5611ddd1f0b43260b45bcdc898739e2,0x307576dd4f73f91bb8c4a2edb762938e8e067d31,28018800630024000,11,21000,115212793,383074,137852841,0,,alchemy_ws,0,0,0,0x2
1759605086385,0xe88ecbc47c130e8acf998360efb73b33447c63988431313a0ada229f9da90a6f,1,0x0adbd09cb71bc6db5bd84910149953de36ff8dc1,0x974caa59e49682cda0ad2bbe82983419a2ecc400,21182354849024000,138,21000,111673856,0,111673856,0,,alchemy_ws,0,0,0,0x0
1759605086385,0x17897e27ad16584feaabc859c994cd27daf670c9ab4b9a728b26ed20a87c144f,1,0x61021dac6640aa7a9fbee2e25b963d247eff0016,0xfd84874bba3a970b53c7df895455bf23dd1fe2de,17243859556007,9842,492638,114929719,100000,167510784,324,0x355314b9,alchemy_ws,0,0,0,0x2
1759605086385,0xbddc5a402b479d2c2bdbf56ff1a73633d58f057fd5dfdef1c2e82ecc733d3af4,1,0x05ff6964d21e5dae3b1010d5ae0465b3c450f381,0xa0b86991c6218b36c1d19d4a2e9eb0ce3606eb48,0,114467,500000,2102075383,2000000000,2458844413,68,0xa9059cbb,alchemy_ws,0,0,0,0x2
1759605086385,0x63eb88644b8526536ae66ae13ad628d5eb1bd8f7438f354f93dd9f6df8a111da,1,0xbbd0d4d067d5af2065b1b6fd936d93237ae1c56c,0x92e155c76a194da97861683cb9687821a6d6d2ba,6287011591493258,642481,21000,116376968,1547249,32123410314,0,,alchemy_ws,0,0,0,0x2
1759605086385,0x332424e5134b1df2f5f79bfa9f31246eb863c8ea99c5895341dbda08c3c399e3,1,0xe953c981c3f1fb4a02604f2cf18ae73ed0fd049a,0x548ebe66aca64e0fb2666e20a17c4788cc118933,37187415831211996,10,21000,202075383,100000000,217020490,0,,alchemy_ws,0,0,0,0x2
1759605086385,0xc6e9389c25b391edf5849be108096d4317e4a0f9f7d603c47eb43406b1e2bf30,1,0xd84a176ed0c80b48088381d6f00c31e6c3ef7326,0x974caa59e49682cda0ad2bbe82983419a2ecc400,229979027662970,28,21000,111673856,0,111673856,0,,alchemy_ws,0,0,0,0x0
1759605086385,0xac3bb97f12a9d48b055235fddfc9cb789ced2f036c69e3fed2a6f85ba1227ac6,1,0xdee1f1227251c1b654c90e60203d9079586cba52,0x974caa59e49682cda0ad2bbe82983419a2ecc400,229979027662970,125,21000,111673856,0,111673856,0,,alchemy_ws,0,0,0,0x0
1759605086385,0x20edcd04d42a3e1e80f83e6bb5dc1f6159741b1041940e836173eca412fc2232,1,0x7ee28f0371f9a932e1734984f1e003cfca3f5ec6,0x974caa59e49682cda0ad2bbe82983419a2ecc400,208363421086430,17,21000,111673856,0,111673856,0,,alchemy_ws,0,0,0,0x0
1759605086385,0xa5e8e2447605da5bda94547a86566b729cd45a5ee805fffe5da08fa50d216ae5,1,0xfbcfcf5d8adc309b76dd6eb62ac339b179640ac9,0x974caa59e49682cda0ad2bbe82983419a2ecc400,229979027662970,50,21000,111673856,0,111673856,0,,alchemy_ws,0,0,0,0x0
1759605086385,0x085607bcbdd846e068b5770e6dacb06316335077fb9e3f0528d2e437abab2d9c,1,0x0685211046c1a6972814b1c2c7ab73ebbe5f06d2,0x974caa59e49682cda0ad2bbe82983419a2ecc400,230111962210406,222,21000,111673856,0,111673856,0,,alchemy_ws,0,0,0,0x0
1759605086385,0xdf6ff8317a28b75a77b2c99fb1fe8880575ad5f6c48b6bec34113da6fc0cd89f,1,0x7d0a0e5fa298a352f42d5739f6799392f3fb603f,0x974caa59e49682cda0ad2bbe82983419a2ecc400,230111962210406,257,21000,111673856,0,111673856,0,,alchemy_ws,0,0,0,0x0
1759605086385,0x8752683492714a0b7fe14bbbfdee0dc45662bbdcf0381536233cda60069af0a6,1,0xa72a32a9f1cefb973f45b87e16b1bfe129620a0a,0x88f7677f9e9929ad9f291711847b8fcabd1965c9,50478874175662124,0,21000,201808340,201808340,201808340,0,,alchemy_ws,0,0,0,0x2
1759605086385,0xb21b58aa555a28a7092bd5da030e4aa984b71354ca87623aa1ccd9b7202faadc,1,0xcb41eb360b13b893ad33e2237e2807dcabc98efe,0x974caa59e49682cda0ad2bbe82983419a2ecc400,230111962210406,26,21000,111673856,0,111673856,0,,alchemy_ws,0,0,0,0x0
1759605086385,0x26b9243f938f5e60e129320d0fc1cac0aa8beed1bca4e6877e95e4aac6d6c5c6,1,0xe3fbb06dbac91c5047807e6602af112228333206,0x974caa59e49682cda0ad2bbe82983419a2ecc400,229970198170970,1,21000,112094308,0,112094308,0,,alchemy_ws,0,0,0,0x0
1759605086385,0xdfd179198cfcc46819a1d85d9874a0eb5ac822315f833643c03451363c90b4de,1,0xb45e855ea12b7e06c17ffaca85b0b81d8844edb9,0x9992ec3cf6a55b00978cddf2b27bc6882d88d1ec,0,326,79351,602075383,500000000,651286937,68,0xa9059cbb,alchemy_ws,0,0,0,0x2
1759605086385,0x7a3bfc4610baeccc5a1a687f1d6bec0f2c51a2b16f58d31971a40f17c5cbc72e,1,0xef8801eaf234ff82801821ffe2d78d60a0237f97,0xa0b86991c6218b36c1d19d4a2e9eb0ce3606eb48,0,514100,90000,114859629,29910,204180676,68,0xa9059cbb,alchemy_ws,0,0,0,0x2
1759605086385,0x2445376a2ef58ca0861cb5d0be881c73fa9819d0d63049f068ded23fa7c1e76a,1,0x72081e211d2b02325087f83f84fbce272a9dd325,0x974caa59e49682cda0ad2bbe82983419a2ecc400,87170881577222069,107,21000,111673856,0,111673856,0,,alchemy_ws,0,0,0,0x0
1759605086385,0x87cc014f299ab1209f92469a46654084ac1a8af6dd4d6a227fbe434f12a91f48,1,0x4a845ac6b23d621372d54d0be0a7deb30f80006a,0xdac17f958d2ee523a2206206994597c13d831ec7,0,3,69736,1160000000,1100000000,1160000000,68,0xa9059cbb,alchemy_ws,0,0,0,0x2
1759605086385,0xc0ed927919f2908cfce7556abe7d3090363cb6a2ae8e02cba0fe667252e5c5c2,1,0xc41829741b2e8b41281a1139971b65ec91caa541,0x974caa59e49682cda0ad2bbe82983419a2ecc400,230111962210406,9,21000,111673856,0,111673856,0,,alchemy_ws,0,0,0,0x0
1759605086385,0x1493babf043306d2a12636d30081cef77dcb4630e17f6424d62871d98364cdf7,1,0x12bc7e1fa04dbcae63e9fc2e9e43036a4764d394,0xb7566c9530ab20d28c5227ed4275c6fc8cfc3da9,112399880000000000,0,21000,1160000000,1100000000,1160000000,0,,alchemy_ws,0,0,0,0x2
1759605086385,0x9c90ecaf48a5553bc04c8bd37bf0a533b4ee904e26691fd3ad2cd628840ff13c,1,0xbb2f33f73ccc2c74e3fb9bb8eb75241ac15337e0,0x0088418e64748b28f57df3d971ef9dbb43dcb5b9,5627985476400,67965,21000,114874584,44865,223332757,0,,alchemy_ws,0,0,0,0x2
1759605086385,0x7a5275bebce39a3b6c3cfed5867a06d8d61d5b37f0dedcd66e35e59282a74bbe,1,0x610b6f943786da2aca538ca537c7bada4c90f3d8,0x4fd9f7c5ca0829a656561486bada018505dfcb5e,0,17,28529,614612894,0,614612894,36,0x2e1a7d4d,alchemy_ws,0,0,0,0x0
1759605086385,0x3f3667eb508e74c776b67e74dfcc2847717a2a438b72e8dd4599d4299d9528cd,1,0x426cb530ff6399a1c27a2bc53bd9b71661a7311b,0x974caa59e49682cda0ad2bbe82983419a2ecc400,229980489766850,46,21000,111673856,0,111673856,0,,alchemy_ws,0,0,0,0x0
1759605086385,0xdb9bc3bf00a57d2a1b0196b3cd7caf53b9bcadfd5888c68e333220eb525d61de,1,0xcaeb672f845054045fe37a24059b663108000d96,0x4cd00e387622c35bddb9b4c962c136462338bc31,509150305551723,55,30183,602075383,500000000,733972736,68,0x49290c1c,alchemy_ws,0,0,0,0x2
1759605086385,0x3bade269f45a7c1f2e58684a5ef39708166db692f792b16e1291daec8299f881,1,0x8c8d7c46219d9205f056f28fee5950ad564d7465,0xbec3507d7297d8dcc13dd7ba71a78da150670d9e,12667347413000898,2458889,21000,114859629,29910,218995232,0,,alchemy_ws,0,0,0,0x2
1759605086385,0x931cb9d20e26f9367938f78ca065ad7b13472e9bed5f3f952b75d1a81341ba93,1,0x0bae1ae04c9c99cf1baf0a47905b1e1e1bd7e7a2,0x974caa59e49682cda0ad2bbe82983419a2ecc400,230113385686430,21,21000,111673856,0,111673856,0,,alchemy_ws,0,0,0,0x0
1759605086385,0x587f44c44a2dd6673b7ec779b0a1cdcc58412287513766abb614a582ad687cf4,1,0x8633478a15d22e67b2386f36544fff7e333b95bb,0x4423216b77536b97c2f847ab2199d626dc50c22b,2474590000000000,18,21000,1650000000,1600000000,1650000000,0,,alchemy_ws,0,0,0,0x2
1759605086385,0x35f4b1e3921f4d45ebe94e37f36c5334ed89d7793aebd63252569f517256efa7,1,0x62cbbffa3d6c0d822acc2dac0060871fbd0e2ee1,0x974caa59e49682cda0ad2bbe82983419a2ecc400,229979027662970,441,21000,111673856,0,111673856,0,,alchemy_ws,0,0,0,0x0
1759605086385,0xeef6e19c4598c957077285a02abe9a6cac7b1599bcb8b9d8c55a30e57e8f4186,1,0xefc41f742725f9864b5283d3f9a3051594f3a10b,0xf8cd17784f425120de2f0d65756d8a707c13d040,19758716682709000,1,21000,115376968,547249,137363187,0,,alchemy_ws,0,0,0,0x2
1759605086385,0xf307356d14067d2da904b5a8616b908b35de7ae8a1e9079ac76caa16abf77b60,1,0xd4a45cc37a11b1cc37291b684082f83fe9aa5d1b,0x974caa59e49682cda0ad2bbe82983419a2ecc400,229979027662970,31,21000,111673856,0,111673856,0,,alchemy_ws,0,0,0,0x0
1759605086385,0x3699a60bcd540b7558fafc06b48e02584de7bcdb90a3b05c2fd876737bc2fc2a,1,0x16a36565499996af1e0b4cbae12f1b1ef8da6b67,0x974caa59e49682cda0ad2bbe82983419a2ecc400,229970198170970,298,21000,112094308,0,112094308,0,,alchemy_ws,0,0,0,0x0
1759605086385,0xb12f3c224772b1f0efd4733fda39314853c311162c8e9b17ebec7ef0db9d071b,1,0x84a9218088922d9843bbe98d0dbd9917e9fa0ece,0x974caa59e49682cda0ad2bbe82983419a2ecc400,229979027662970,310,21000,111673856,0,111673856,0,,alchemy_ws,0,0,0,0x0
1759605086385,0xce7570bee0e1ede2f60ddb6ac43afe2184135795ad89914a09ade4bbaf7bade2,1,0x2e7f2740a839231c41cfde0d531828df312bea04,0x8edf26497500c3bf6aca185be7fa21ac66180fb9,90726210000000000,60518,21000,2114829719,2000000000,2204150766,0,,alchemy_ws,0,0,0,0x2
1759605086385,0x708a677c4a8984bff9e74f142d6029d303977e543763e677ace7c4f27d3d7680,1,0x599335e16d04596e290e609212bb4f22d134df0c,0x0000000000000068f116a894984e2db1123eb395,0,6,244121,181075383,79000000,300000000,4008,0xf2d12b12,alchemy_ws,0,0,0,0x2
1759605086385,0x7014539b0cb4118deb2edf268f8d09726aa8e838af6cbd097ad4b153947a1e88,1,0xab9e5950ddb0ba5577037e64826e5ccd14f71d67,0x974caa59e49682cda0ad2bbe82983419a2ecc400,230111962210406,9,21000,111673856,0,111673856,0,,alchemy_ws,0,0,0,0x0
1759605086385,0x85d4458204e87b03a8be4b73faca5c3bd7b8cd5dc1b77e87d52064bec78a44fd,1,0x35c6c2f6e9cbbcc0b21820e6de6e2b92b9ea3956,0x864baa13e01d8f9e26549dc91b458cd15e34eb7c,0,977,183163,202075383,100000000,217020490,1604,0xa64dfa75,alchemy_ws,0,0,0,0x2
1759605086385,0xfe29fa5f3c683446620ad8e4360cfff819da059915f6100c7f1d535ca95fc7d2,1,0x130c0195fc76cad616ad5b983130ca280b5aa92b,0x48f9be7ac3071b46853e8a1972ade0b155ce0333,956000003498047,0,22000,102175384,0,102175384,0,,alchemy_ws,0,0,0,0x0
1759605086385,0x22013de237490a2365cde88ac8bc2dbd8075d9472069211fc8ea3a63088d824e,1,0xe89972df0517a6780dd0fc84ce5bf4560e26fdf8,0xdac17f958d2ee523a2206206994597c13d831ec7,0,30,80000,114859629,29910,167555650,68,0xa9059cbb,alchemy_ws,0,0,0,0x2
1759605086385,0x703e37631af71cddb204b41ffed9e996d869689c4862fbf12947f7346e304ab3,1,0x3933289b5fe06ef816d313573872df80753be2fd,0x974caa59e49682cda0ad2bbe82983419a2ecc400,230111962210406,57,21000,111673856,0,111673856,0,,alchemy_ws,0,0,0,0x0
1759605086385,0xb0cdc6861ce54d42e7709dfccca12e76ccf1c46dcdd1b3824e984a5f90c00af8,1,0xe1332636b19302e83822e2b4007693623f0c6c9c,0x974caa59e49682cda0ad2bbe82983419a2ecc400,229979027662970,5,21000,111673856,0,111673856,0,,alchemy_ws,0,0,0,0x0
1759605086385,0x15d4da29333b0249e07d7884ba995c83c764b28dfab103d6cbe60b78cd0ecac2,1,0xafa397bda0901c319ea3d048c517cb6d1585cb88,0x3aada3e213abf8529606924d8d1c55cbdc70bf74,0,4347,53325,202075383,100000000,225764344,68,0x095ea7b3,alchemy_ws,0,0,0,0x2
1759605086385,0xe36bb12e96dd620d4daf49c767518824d12acfe41a716c8e616bf4049827e466,1,0x74473f5514020a488b0199425f9568c99c05928d,0x974caa59e49682cda0ad2bbe82983419a2ecc400,229977565559090,512,21000,111673856,0,111673856,0,,alchemy_ws,0,0,0,0x0
1759605086385,0xa12bb1d93b3591baea393b612e5c7564e8aa6b1ed25ece80808d828ab07a9f8e,1,0x825992cb00628943afe460ca487e82e5c0afd506,0x974caa59e49682cda0ad2bbe82983419a2ecc400,208361997610406,16,21000,111673856,0,111673856,0,,alchemy_ws,0,0,0,0x0
1759605086385,0x50e933bf9c4a0f88aa88d01e502a842480f431eb990243d86dc89c660e8fcfb2,1,0x85a3f0fc320a92526475e1cd7796b8cde209319b,0x974caa59e49682cda0ad2bbe82983419a2ecc400,230111962210406,50,21000,111673856,0,111673856,0,,alchemy_ws,0,0,0,0x0
1759605086385,0x4968ccc886dd5dbbc4d6f19bb7b44074090f611885f05b8af11727bc4447ea09,1,0x80b17b1abb0bc0f8f75a5ed16f83728a942fa3d6,0x974caa59e49682cda0ad2bbe82983419a2ecc400,208361997610406,3,21000,111673856,0,111673856,0,,alchemy_ws,0,0,0,0x0
1759605086385,0xcdb2df0fe49e5e8f2e1b28f1b4cf5b7cc0e368c732e2275d2ce62d4ab216d211,1,0x803eadedc9958e0439ab67c44014999bc6a3f1d0,0xba9a43fb4642b49804825eb1fcdba5ca8cd07913,143422082015046421,36,23100,181075383,79000000,300000000,0,,alchemy_ws,0,0,0,0x2
1759605086385,0xf8e846d5c007590d520570a1aad7e8c8273da2d15d2df72d262eb0ba95d2ac38,1,0xda196da5f186ae8f89cb8b01ab2140bcb9ce6012,0x974caa59e49682cda0ad2bbe82983419a2ecc400,230104556194430,7,21000,112094308,0,112094308,0,,alchemy_ws,0,0,0,0x0
1759605086385,0xd70e3f748baa3585736844b26e89139ec164bc34eae0c74eb58504a71388e663,1,0x1325b26ebbfc15f4996fcab3aba7667cfdb933d7,0x974caa59e49682cda0ad2bbe82983419a2ecc400,229979027662970,5,21000,111673856,0,111673856,0,,alchemy_ws,0,0,0,0x0
1759605086385,0x529137525b4bf4a76f432988241bdd1e46514d0df5ec3528eca07303cf02c58a,1,0xb4da0c9c99cb365d947635d61c4f14a476f82d3f,0x974caa59e49682cda0ad2bbe82983419a2ecc400,229979027662970,4,21000,111673856,0,111673856,0,,alchemy_ws,0,0,0,0x0
1759605086385,0x33800e26663ab1e5af204fadf67df8c5a11c975ec556b4e5bbda9f37e706e1d9,1,0x578023b4a78cb12b09a365a5d63949263ee7e5ff,0x9d63f28bdc61be12a7f09f52508e2a39f7d560db,80033251323336553,11,21000,111673856,0,111673856,0,,alchemy_ws,0,0,0,0x0
1759605086385,0x1f89b64cce028ff2684d1a92ee568be1a09664f4f83e15836b29593f082c9468,1,0xe608dc21c9a03cc94b2af0451818464109739549,0x974caa59e49682cda0ad2bbe82983419a2ecc400,208353168118406,181,21000,112094308,0,112094308,0,,alchemy_ws,0,0,0,0x0
1759605086385,0xec4a6a2bcb507ac5ce9be6f9534ea76a9e9c3e5b0ec2e298ad193f5ad2dbbfe6,1,0x68f2469cabae0445fe79377695bf97f8ca41701c,0x974caa59e49682cda0ad2bbe82983419a2ecc400,208229063062970,71,21000,111673856,0,111673856,0,,alchemy_ws,0,0,0,0x0
1759605086385,0xe11d36b696dd6e9e616bda218a14169ddc80ca1f0ca5a6ff100a1dab4aa7ab24,1,0x549a198b71ee6588157bc1a063f10e65c932d34f,0x974caa59e49682cda0ad2bbe82983419a2ecc400,230111962210406,49,21000,111673856,0,111673856,0,,alchemy_ws,0,0,0,0x0
1759605086385,0x418959f546d666d5694a6558cd0661c6a416d5d71b8f844fef44baa6b252b446,1,0x95dd8db1c0c066eba8c37cd1c6b4c895500b20f2,0x0736bdc975af0675b9a045384efed91360d25479,0,17292,1200000,181075383,79000000,303128796,612,0xa9a683ba,alchemy_ws,0,0,0,0x2
1759605086385,0x5d276c7bf2d80b4797aed5de37422dce41e09e712b1d0bfb5c15d41451a443e8,1,0x46340b20830761efd32832a74d7169b29feb9758,0x98d2264493540b5ffcbba79e9b5afd9bd4a52b2e,507041000000000000,15900028,350000,2000000000,0,2000000000,0,,alchemy_ws,0,0,0,0x0
1759605086385,0x8c722bf01f64dffe50b8734ebc58bcef817800e18d7110ecbd390c00447659ee,1,0x06f59d5350f3efc713b28e313b7e17660679178b,0xa0b86991c6218b36c1d19d4a2e9eb0ce3606eb48,0,1,54909,114861125,31406,117699024,68,0xa9059cbb,alchemy_ws,0,0,0,0x2
1759605086385,0x42a6585327864781881fac09932c43d50611fec8822ffc8cbe68ae4241255fb5,1,0x80105a112387b86d0775d1f24d69dd15f453e4e6,0x974caa59e49682cda0ad2bbe82983419a2ecc400,229980489766850,203,21000,111673856,0,111673856,0,,alchemy_ws,0,0,0,0x0
1759605086385,0xd4ad5bd0039a1891b33cb690140d99d01c5906fdf060c0d68ec1dee820b8da6b,1,0x431842c45afc759e381f5582045e6e959e691f4c,0x7a250d5630b4cf539739df2c5dacb4c659f2488d,75350000000000000,398,145497,114859629,29910,223317802,228,0x7ff36ab5,alchemy_ws,0,0,0,0x2
1759605086385,0x5c505e30a2bbd9dda483d9e001eeab41fabcf44361eb72881e5f4c6aec24767c,1,0x1c727a55ea3c11b0ab7d3a361fe0f3c47ce6de5d,0xd51ac1ef24557ae817f5ff39ea6a20470004a8e4,18247078321455310,1606032,21000,114859629,29910,204180676,0,,alchemy_ws,0,0,0,0x2
1759605086385,0x9836d275642bfb1420b4a6047ab0ccd5dff624d57eeb5bce140399e96667748d,1,0x974caa59e49682cda0ad2bbe82983419a2ecc400,0xa62bd793a17bb1c469c763d534b0775666cc5000,563487360000000000,5735886,105000,111673856,0,111673856,0,,alchemy_ws,0,0,0,0x0
1759605086385,0x8b7ec5fd31e44142a682279e0c620ec460244c8d5aeff30f96c2428a5978767e,1,0x5050f69a9786f081509234f1a7f4684b5e5b76c9,0xff00000000000000000000000000000000008453,0,1462974,21000,10127972040,10010000000,30030000000,0,,alchemy_ws,0,0,0,0x3
1759605086385,0x0e27bbccd6a4f1f89393829debabef4741a98b9675988ebdfdc58b4962b77917,1,0x64bd83be58924106695ca923b159cbebb20628bd,0x294d05544fda36432e01b89f0eee32b3ea59de3c,14510755553490,38123,21000,114874584,44865,229704303,0,,alchemy_ws,0,0,0,0x2
1759605086385,0xfac4c80a317e6a75ae70d50c69c03f69c6224d316825716ef89d6efa452e5dcf,1,0xfe9db7b33d92736b04cfcdafa455e3b1dbf60b11,0x974caa59e49682cda0ad2bbe82983419a2ecc400,229979027662970,28,21000,111673856,0,111673856,0,,alchemy_ws,0,0,0,0x0
1759605086385,0xa008768a462831166338666f54543e85c3b8e665459d62f0a38c74b5bbe3ac32,1,0x3535b199f1aecbcaddb2acaa9cd2bab6e8a363cf,0x974caa59e49682cda0ad2bbe82983419a2ecc400,208220233570970,91,21000,112094308,0,112094308,0,,alchemy_ws,0,0,0,0x0
1759605086385,0xc0e55dfb747155db7d18ef549f6cb535f9f35b9e345978fba80f6c5505d734db,1,0xb5458fd6f5b1108cee5e84af1e2eda0855b9b3f7,0x974caa59e49682cda0ad2bbe82983419a2ecc400,672934849024000,56,21000,111673856,0,111673856,0,,alchemy_ws,0,0,0,0x0
1759605086385,0x9e59dd7dd7c9635f8e4d834fbadf2b6b771d3f3a1e7c9fee501ac1d85a61feb5,1,0x422d43052339795a97e6bdcf9dd374716b5fd88c,0x0db7f3315cd9696e5874454958fc20f2bfb39187,118221900000000,1,21000,600000000,0,600000000,0,,alchemy_ws,0,0,0,0x0
1759605086385,0xc1dcdebe841d3f9d316df40fd742bed324e85c1f77d9f56a2924f951ebf75886,1,0x4a9844de75cad9dab1d3f8592cc687ef46ba0363,0x868e0ffa5af53cfe058a29338a6518f3be6e74b8,220000000000000000,0,25500,1000000000,0,1000000000,0,,alchemy_ws,0,0,0,0x0
1759605086385,0x741dd3e8f505f4b823eb5e35c082d4eb4ca379cb27b38493a581ebb4404da86e,1,0x2fe06c19e93c8b62e54494491db5d3a9edb873bc,0x17caad536c936e0c2af4ea370df5ad4775b3efe7,6650630000000000,0,21000,2000000000,0,2000000000,0,,alchemy_ws,0,0,0,0x0
1759605086385,0x1b5343a56be70191a5fe0a8dd7769aac79c2cacc237c1560a754c3cfaf758fff,1,0x1d0a26327f5e20f36a171fe726a07107ec2952b4,0xdac17f958d2ee523a2206206994597c13d831ec7,0,19788,84000,114929719,100000,136915938,68,0xa9059cbb,alchemy_ws,0,0,0,0x2
1759605086385,0xafe67ee911611819a98aaeb8e35fb8a84e5bd8fb53b58e89620ab3f8323fb6a8,1,0xf7b42c57f1bb2e2aa078ef7dc8c2e1af56746cb9,0x974caa59e49682cda0ad2bbe82983419a2ecc400,229980489766850,38,21000,111673856,0,111673856,0,,alchemy_ws,0,0,0,0x0
1759605086385,0xb179cf26755ab9a2c520363a2e8ec80b3e977d4d15b358a48855bd912639ef0b,1,0x883dba015e741d480694e73f4684eaf8623d0353,0x974caa59e49682cda0ad2bbe82983419a2ecc400,4174817327040880,1,21000,111673856,0,111673856,0,,alchemy_ws,0,0,0,0x0
1759605086385,0x8ae01e6e3ef2043c2cc7bc6fe40948c133979e95457486adf2767b5fc34be92c,1,0x8992b847ba495569e4592c77722470f7e4668a5f,0x974caa59e49682cda0ad2bbe82983419a2ecc400,208361997610406,24,21000,111673856,0,111673856,0,,alchemy_ws,0,0,0,0x0
1759605086385,0xe000f452af176218b15c07188967f8c2c818409e892e4033ff71e32e545cccf2,1,0x987557fa285eb11b5f7ebcf2bfcd89fe1b98dfe2,0x974caa59e49682cda0ad2bbe82983419a2ecc400,230114809162454,88,21000,111673856,0,111673856,0,,alchemy_ws,0,0,0,0x0
1759605086385,0x5e66d06212f518c6eb7ce3b2f175e7639000f6990939b62eb71ace68ca3c71dc,1,0x62d1749b6a0dbeedca9c265534c33e0cb3ab7fdd,0x974caa59e49682cda0ad2bbe82983419a2ecc400,229970198170970,141,21000,112094308,0,112094308,0,,alchemy_ws,0,0,0,0x0
1759605086385,0xc5c684b522ee023179ee699fee9fe7ef77e173a34aa173026e9460c8de9ba22d,1,0xd483d19dcc7e0e4e6b34164037e5810117950959,0x974caa59e49682cda0ad2bbe82983419a2ecc400,208361997610406,416,21000,111673856,0,111673856,0,,alchemy_ws,0,0,0,0x0
1759605086385,0x3e7d60b587bd665f16d4e915b8949fbc0f8129c44cbc31d23c1d896ed8d99116,1,0xfebc9ba56cda711910ffd7017373ee4499c0fa9a,0xb5643598496b159263c67bd0d25728713f5aad04,0,912,69808,114924083,94364,129934306,68,0xa22cb465,alchemy_ws,0,0,0,0x2
1759605086385,0x0cd454416e549908349e115028690bb6f5dcce62063fba0343af5b2313037557,1,0x084a3be5f5253f414da7e7c02dcd09d2251e6d45,0x974caa59e49682cda0ad2bbe82983419a2ecc400,208229063062970,3,21000,111673856,0,111673856,0,,alchemy_ws,0,0,0,0x0
1759605086385,0xd035b1e965cd2aa8fc8b3e44e7854a1e0aad9ca2e862bfd40c4effa0104ac703,1,0x752ec4678fa4965ba32b1d111ede011edbf75da2,0x8251d4915ba64b32b14689a554da87d1e470a809,2273339712939045,2,21000,202075383,100000000,225764344,0,,alchemy_ws,0,0,0,0x2
1759605086385,0x0de941ca4f6c734b4adcfed7f485ddc4940796bd3590a8b145b9b2269ebc9a45,1,0xa8e4bdb7ead5b3c6de21a7f7eadafc9cc6135f91,0xfb5bd30676c6c3b30e15c9b8a13f66ddf7902127,9002984764166999,20,21000,115376968,547249,138017016,0,,alchemy_ws,0,0,0,0x2
1759605086385,0xefdb01d75b11b085627db798282f3e303e24447e6d1910ecb2d083715f17b659,1,0x5c5f028046f12e7df33b09b07282703e84edc10f,0x0000000000001ff3684f28c67538d4d072c22734,7976814301170891,50,355959,193829719,79000000,280000000,1732,0x2213bc0b,alchemy_ws,0,0,0,0x2
1759605086385,0x0a67884601500ddf8d04e991ff387b86bdd2cd23facd8b0ce0a2b3450d8c5107,1,0xbb2bb6c7ccb81d73ff1fc12ac5684c68c8cf925a,0x974caa59e49682cda0ad2bbe82983419a2ecc400,208361997610406,75,21000,111673856,0,111673856,0,,alchemy_ws,0,0,0,0x0
1759605086385,0x73a101c2970c396056357c888ac49241ea1ae3064c7323550357cbaf58e6c786,1,0x7dad03f9d6fd6bbec9d9f58b791d93a41c732507,0x974caa59e49682cda0ad2bbe82983419a2ecc400,208354591594430,56,21000,112094308,0,112094308,0,,alchemy_ws,0,0,0,0x0
1759605086385,0x016aa991b3c795593b573b66ad61d8704710834440f1a56a87b66447d1a4d92e,1,0xb261b448d77946e4b46ba67f587caf24629e0bc0,0x95ad61b0a150d79219dcf64e1e6cc01f0b64c4ce,0,0,41758,114929719,100000,136915938,68,0xa9059cbb,alchemy_ws,0,0,0,0x2
1759605086385,0x82fc08b1e57cb50adf3a1a6af8dc2ccdc1b55f2bf980b7092e906d4295de9292,1,0x34db47e2907de700cb6286764ec46d44e868e1ac,0x4945ce2d1b5bd904cac839b7fdabafd19cab982b,532969833915110302,30,21000,114859629,29910,139584843,0,,alchemy_ws,0,0,0,0x2
1759605086385,0xeb616834c39c8d07648d9ca39177883054a9ae4cac4f69370b7d69ac48b8a45a,1,0x7ce421fa9a25365c61bbd2e368c92c7f412473da,0xa0b86991c6218b36c1d19d4a2e9eb0ce3606eb48,0,4,63770,126505620,24430237,136074183,68,0xa9059cbb,alchemy_ws,0,0,0,0x2
1759605086385,0xf53d2d5f1af426ced8447aaa0d916d9afd8577b653433b7dc96f8638ba1beecd,1,0x27d3b73317cba5219ead7b7f2151089104371122,0x974caa59e49682cda0ad2bbe82983419a2ecc400,229979027662970,15,21000,111673856,0,111673856,0,,alchemy_ws,0,0,0,0x0
1759605086385,0xa351f0896a11adbb6c28bfd895071ca6ae12da5be5600259f37074a29178a5da,1,0x0affaca3297d803725e25c1bffb2c6f228ff7998,0x974caa59e49682cda0ad2bbe82983419a2ecc400,229979027662970,117,21000,111673856,0,111673856,0,,alchemy_ws,0,0,0,0x0
1759605086385,0xeede22ae803f289cece382d8039b1af888cd47184390982eeb181c122b345737,1,0x51490d30b04e7acddcee854c97d479249f43884a,0x974caa59e49682cda0ad2bbe82983419a2ecc400,230113385686430,9,21000,111673856,0,111673856,0,,alchemy_ws,0,0,0,0x0
1759605086385,0xa280d8b2dc11c0c73553ada42daacc2b7a53c28ae045dec1a2798a0f76d32e7f,1,0x83506dd04c25a3403e2227c907de641694889f7f,0x974caa59e49682cda0ad2bbe82983419a2ecc400,230111962210406,1,21000,111673856,0,111673856,0,,alchemy_ws,0,0,0,0x0
1759605086385,0xcec01fcd4a22999ce2f887ef1cb762b230c2d9a1b42f5138950d2faf70b64d75,1,0x2da2afe1ae8eb49dd8725c3899209eddab4300ab,0x974caa59e49682cda0ad2bbe82983419a2ecc400,208229063062970,9,21000,111673856,0,111673856,0,,alchemy_ws,0,0,0,0x0
1759605086385,0x56b22becb387abade3f24a3c2f4ab0297981789303fbf970a0c593208e4264b7,1,0xdd46095d3d1267aa0ab8a212b5bfaf28fe04d910,0x974caa59e49682cda0ad2bbe82983419a2ecc400,229979027662970,163,21000,111673856,0,111673856,0,,alchemy_ws,0,0,0,0x0
1759605086385,0xeaae32569de755f934297af4f7d23c8abf9c2c8930ffd060ff732e8a97d96cdc,1,0x2058ebfd2eed5816279ffd719902d3ac83a69e5a,0x974caa59e49682cda0ad2bbe82983419a2ecc400,229979027662970,96,21000,111673856,0,111673856,0,,alchemy_ws,0,0,0,0x0
1759605086385,0x7d158997abcd5ca8d118aca07b4fc38901fe206b73ed639813320a07efe55a4a,1,0x20e919e0f55c24e73e33e3de776312482cc0bf20,0x974caa59e49682cda0ad2bbe82983419a2ecc400,4445293460878021,4,21000,111673856,0,111673856,0,,alchemy_ws,0,0,0,0x0
1759605086385,0xd824e70bf3402fd73006d76e0650666c4585b49faedbaed323b3a07039d634b6,1,0x0ca28075cf9731ef28827c75cd19c4bb41425072,0x89c5151236de544d077fc69813a4db89224ee8a1,3479000000000000,0,21000,1000000000,0,1000000000,0,,alchemy_ws,0,0,0,0x0
1759605086385,0x3fc595f3e4679b50bcbbab5595e60a439dc5a8470f2c0aa528e8c28699de294d,1,0xe072085568bf4fc339e2fadef56730982411f1c5,0x6c76de483f1752ac8473e2b4983a873991e70da7,0,2829,250000,1102075383,1000000000,40000000000,68,0xa9059cbb,alchemy_ws,0,0,0,0x2
1759605086385,0xa10da70e5cae1390002c6688e2bcc0bc4dd01e87a0be0f35ddf079072f870bb7,1,0xdd3d72c53ff982ff59853da71158bf1538b3ceee,0xa0b86991c6218b36c1d19d4a2e9eb0ce3606eb48,0,695259,68499,1000000000,0,1000000000,68,0xa9059cbb,alchemy_ws,0,0,0,0x0
1759605086385,0xe36da17d9469e18c04b5b34cc59d9787678c6d5920a663e1f513a70709ab1ead,1,0xb988f106124787f006f89e4bc66172eaed036b59,0x974caa59e49682cda0ad2bbe82983419a2ecc400,229979027662970,100,21000,111673856,0,111673856,0,,alchemy_ws,0,0,0,0x0
1759605086385,0xe647a54e41bbc59839e972cf7f69449da7f2cdcc6b32fbada4e9acbb93a30551,1,0x9696f59e4d72e237be84ffd425dcad154bf96976,0xdac17f958d2ee523a2206206994597c13d831ec7,0,8292113,220436,302075383,200000000,102000000000,68,0xa9059cbb,alchemy_ws,0,0,0,0x2
1759605086385,0xe9007aafa1dfe52442ba8c4af0c3b0222b5901b4ad3eab8ca3f4832301983f5d,1,0xfa82d4ea898030d104eeaccd0611c83384248791,0x974caa59e49682cda0ad2bbe82983419a2ecc400,230111962210406,43,21000,111673856,0,111673856,0,,alchemy_ws,0,0,0,0x0
1759605086385,0xc032b33aac94e91eae528b76ff9030eb4fa412c8744432c28dedb94e74bf488f,1,0x318cde2668b4c6461140b9a6438594d995246c86,0xdac17f958d2ee523a2206206994597c13d831ec7,0,10,84000,114612894,114612894,114612894,68,0xa9059cbb,alchemy_ws,0,0,0,0x2
1759605086385,0x619ffba3e14bd0a6edbe44aad033c7a51a5800983dbae81468e22af8d338ae9b,1,0x0b30d5abde0aed8375c677aa3cc5673947aa8081,0x2a3dd3eb832af982ec71669e178424b10dca2ede,0,54,383172,115019168,189449,134162184,228,0xcd586579,alchemy_ws,0,0,0,0x2
1759605086385,0x1cb2f34ce1948105947b52d05c086dbec8c79213730b9af5928c43fde7dcbe30,1,0x9357efa16a982b9ce92c2667afaff4fe27b2bfe6,0x974caa59e49682cda0ad2bbe82983419a2ecc400,229980489766850,7,21000,111673856,0,111673856,0,,alchemy_ws,0,0,0,0x0
1759605086385,0x42aa93baa059db2877282f8f298ae40f90cbc721c5867fcedcebdd8fe1672882,1,0x886da2753af25eb5a2a9dc3b9613abecf909c529,0x974caa59e49682cda0ad2bbe82983419a2ecc400,208361997610406,46,21000,111673856,0,111673856,0,,alchemy_ws,0,0,0,0x0
1759605086385,0x31f31cc02c4db23ddbd1eaa8e75c3e65aca69772c1fb89dcef2bc2ac07b103b6,1,0xc160269faca2ae7cb0d47a9e1ec2ee0df888a944,0x974caa59e49682cda0ad2bbe82983419a2ecc400,229970198170970,1,21000,112094308,0,112094308,0,,alchemy_ws,0,0,0,0x0
1759605086385,0x8a70b6d47d58283b3dbc53484ec1a4ccbf5e23841371e41546df92a9d6acd7b5,1,0x5c0098b1a978922b66ed137e1cd139e76343f309,0x974caa59e49682cda0ad2bbe82983419a2ecc400,230111962210406,137,21000,111673856,0,111673856,0,,alchemy_ws,0,0,0,0x0
1759605086385,0xdabd145bce9061fc8e300f68045d23c4cd38a84af1c0c6c42802b8fb746b7eaf,1,0x1c727a55ea3c11b0ab7d3a361fe0f3c47ce6de5d,0x6c3ea9036406852006290770bedfcaba0e23a0e8,0,1606031,133038,114859629,29910,204180676,68,0xa9059cbb,alchemy_ws,0,0,0,0x2
1759605086385,0x91c192e2c8ce5f1a2dc7174a388015a0566aa9b795432943f7dca11ade6d79df,1,0x6ebb331f4de54438ab069fb2a61c2578ddf5f38e,0x974caa59e49682cda0ad2bbe82983419a2ecc400,230101709242382,318,21000,112094308,0,112094308,0,,alchemy_ws,0,0,0,0x0
1759605086385,0x3250e9e3eb8e5fbd68cfa9403d3af0b6fded6f13b570a99aa38bf2497f4e1010,1,0x776a01f3544ec6ae224439fd532f0b6c5805d27b,0x37f39a4f91539a03f09d883801518a2c9286384e,2437914955924902,11,21000,104471877,339806,107518958,0,,alchemy_ws,0,0,0,0x2
1759605086385,0x655740a68caf2965809c70da6bd1097eb4ce3dec86bf89bafa2e40cc71e1d762,1,0x3544e301e46b06a33b095a0486f45e24c464d5ab,0x74edf5e41a15765da528670dc87f767143badb83,2240326426267669,655,21000,212783600,212783600,212783600,0,,alchemy_ws,0,0,0,0x2
1759605086385,0xcc1c5508348f08d3e9a1428bf50f17b9dde05e881d31b8bda51f919fbe1f8105,1,0xfbd5d9848150ed1d6c90d94eeae1f427c77ff601,0x974caa59e49682cda0ad2bbe82983419a2ecc400,229970198170970,11,21000,112094308,0,112094308,0,,alchemy_ws,0,0,0,0x0
1759605086385,0x834f0955ed177f890d12fb52396f99d487ee54bd46a4995781a1e13f493b1c19,1,0x4fb2ea50ff29a7c543707986e06614ed9d370123,0x93070a08fcccc55a8e73ec6a9b932d6788852977,9679818594085000,156,23100,181075383,79000000,300000000,0,,alchemy_ws,0,0,0,0x2
1759605086385,0x16a5f441e2f4ef6ef3fd9f4914828db48431f7198926c6a27fc3682dfca2eb14,1,0x63dfe4e34a3bfc00eb0220786238a7c6cef8ffc4,0xa0b86991c6218b36c1d19d4a2e9eb0ce3606eb48,0,62141,84000,114929719,100000,136915938,68,0xa9059cbb,alchemy_ws,0,0,0,0x2
1759605086385,0x855f9b5cb3bae33cf54db506d333ad7e04986d55905c2f9cd3ccc78e5c6c2270,1,0x87bfa793428cf389c0ee82b5934b124175bc5d46,0x974caa59e49682cda0ad2bbe82983419a2ecc400,229970198170970,123,21000,112094308,0,112094308,0,,alchemy_ws,0,0,0,0x0
1759605086385,0x8d7da96285d984e835b66bbfaa85bfe8c1dabbb3d4cdd412530a271367dad2ca,1,0x5c56a3ab8e290df83c3386ec2748632feb474573,0x974caa59e49682cda0ad2bbe82983419a2ecc400,208220233570970,29,21000,112094308,0,112094308,0,,alchemy_ws,0,0,0,0x0
1759605086385,0x5acb7474644cac06a96d7cbef991a534cfbc60f86bda0bf76c346d7142515a97,1,0xb3dd49919f4ebeec8b1d5a6ab95f2dcb44852295,0x974caa59e49682cda0ad2bbe82983419a2ecc400,230111962210406,63,21000,111673856,0,111673856,0,,alchemy_ws,0,0,0,0x0
1759605086385,0xe0b98e2419802169ccdb8b550ea17eaf1714b62c4c541e3cc495e9da6446230c,1,0x2f50cfcbfed39707d87d842bee04c14b9d5fccfb,0x974caa59e49682cda0ad2bbe82983419a2ecc400,229980489766850,59,21000,111673856,0,111673856,0,,alchemy_ws,0,0,0,0x0
1759605086385,0xac761d4c79087c3064f065e42df9d235d09a6e5dd118dd3d63b975f517294664,1,0x3a3bdbd752e8e7dd0d672af381f83eebb9e63b3c,0x974caa59e49682cda0ad2bbe82983419a2ecc400,208229063062970,20,21000,111673856,0,111673856,0,,alchemy_ws,0,0,0,0x0
1759605086385,0x09827767b75d2bf025176e725125f97859c9eba96d6e31307b0d043dfb118237,1,0x377d75057bf7094d9e7a791bf42f4a72e89a7c8e,0x974caa59e49682cda0ad2bbe82983419a2ecc400,208361997610406,27,21000,111673856,0,111673856,0,,alchemy_ws,0,0,0,0x0
1759605086385,0xced81574873c2d7cadfa7aa73213247ccaa23ad64e31e8871a96703227afa707,1,0x75a5275455740b3a94182b6db5891275ff1b7292,0x974caa59e49682cda0ad2bbe82983419a2ecc400,208360574134382,88,21000,111673856,0,111673856,0,,alchemy_ws,0,0,0,0x0
1759605086385,0x6a74453b10405ebd15a4e6ba32623f8a8feec3df16e8d7a0e394a539905ab026,1,0x21a31ee1afc51d94c2efccaa2092ad1028285549,0x95ad61b0a150d79219dcf64e1e6cc01f0b64c4ce,0,13051081,207128,302075383,200000000,102000000000,68,0xa9059cbb,alchemy_ws,0,0,0,0x2
1759605086385,0x8fdf552d7e617364b0ae88cb4893fa483a78a48b4a4d98c225596064e023c7c8,1,0xc223f0e2d43a55875971610422cfeac5675076d7,0x974caa59e49682cda0ad2bbe82983419a2ecc400,229979027662970,192,21000,111673856,0,111673856,0,,alchemy_ws,0,0,0,0x0
1759605086385,0xba9701ce8e95af81276a22ead8640144702bab9195a1ffa7f434dd8c41dfad1f,1,0x4b41abe79056274e839bcf5462d33500bd6d552d,0xdac17f958d2ee523a2206206994597c13d831ec7,0,7,100000,113536672,11461289,148931056,68,0xa9059cbb,alchemy_ws,0,0,0,0x2
1759605086385,0xba080e5728e171c94212c1d2903262d94f4db1f0081ceb3f8aad336eba5e6961,1,0x88d5c89f6356c8c9c39ed325165793cb41dd1e72,0x4a220e6096b25eadb88358cb44068a3248254675,0,1389,500000,2102075383,2000000000,2458844413,68,0xa9059cbb,alchemy_ws,0,0,0,0x2
1759605086385,0x22d750c898b0164f57ebb26d4fdc8336171f1fbec8fdd478eb54ffa42371eb7a,1,0x1157a2076b9bb22a85cc2c162f20fab3898f4101,0xa0b86991c6218b36c1d19d4a2e9eb0ce3606eb48,0,105886,84000,115376968,547249,137363187,68,0xa9059cbb,alchemy_ws,0,0,0,0x2
1759605086385,0xaedaeecd02df82fc448cf1581faa1af3dd88d01630d78dce00e348cfab45c301,1,0x4f4963a3d84c7b35e16d3b7b1626d3f7897efa5f,0x974caa59e49682cda0ad2bbe82983419a2ecc400,229980489766850,5,21000,111673856,0,111673856,0,,alchemy_ws,0,0,0,0x0
1759605086385,0xdf2b772a339225785e28ba3ec1561fd75c94705dbf9940d6c2a12df25c80a702,1,0x5acaf7c064f609c1ac40648f200d1160cb3b054f,0x3db76cc3673fef9b454562df53188ac3147826f8,0,163473,149083,192925383,90850000,314137892,356,0x39125215,alchemy_ws,0,0,0,0x2
1759605086385,0xc8a3e8c8cc08ade16423a5150b201625b872757cfa062912e11e7eee6658afeb,1,0x08d5edd342e47d1f2823accf4cb3ff98c60a2278,0x974caa59e49682cda0ad2bbe82983419a2ecc400,229979027662970,123,21000,111673856,0,111673856,0,,alchemy_ws,0,0,0,0x0
1759605086385,0x99d26f1a29b1153a5f809052b57b5e38e07b56f1e4a035c62fcd9bf94a8381e6,1,0x24e5428060d85789c23f452e3bbfac175a79cabf,0xbf0332e726c50c32516cd953da3ee2709c1cb019,30642158743365112,3105,21000,132827997,0,132827997,0,,alchemy_ws,0,0,0,0x0
1759605086385,0xacd6e3da5b609e9aa214c5dfb35bb02564be6785b779001a5f9cce98f07468a7,1,0x55954dd860c8da56005b47b0b68f46b8bed21ea0,0x974caa59e49682cda0ad2bbe82983419a2ecc400,208361997610406,25,21000,111673856,0,111673856,0,,alchemy_ws,0,0,0,0x0
1759605086385,0xbd9b441cd0c2922f6d3e9f1580fcfedd0d74c22a0d01023f8b18331ab8b8140e,1,0x4239af82251e476322658a746fab6621e3bd43e0,0xe28b3b32b6c345a34ff64674606124dd5aceca30,0,1,52035,161452955,59377572,193854849,68,0xa9059cbb,alchemy_ws,0,0,0,0x2
1759605086385,0x5be2e75da1226e9078af78aeadbc8e8bac37341155f3fd4afc8e0227888fe6a1,1,0xa9ac43f5b5e38155a288d1a01d2cbc4478e14573,0x492486e15593c0ef4e1544a18f4b31747876c255,1813448570000000000,422178,210000,842575383,740500000,500740500000,0,,alchemy_ws,0,0,0,0x2
1759605086385,0xe98955ae819fc61705e0a76dc69a65c54aa073f6eadc47b3c90189080d212590,1,0x43471cc3f787e4c3dce7f83133e33ca8a92c9fc1,0x974caa59e49682cda0ad2bbe82983419a2ecc400,230113385686430,5,21000,111673856,0,111673856,0,,alchemy_ws,0,0,0,0x0
1759605086385,0x488f178158880af8d5450f36174ecc9f2551c6bacf661eed313048ff78bdc686,1,0xe2f6ff8b0a1576e5d7e1e2127ed507b7c4f7d197,0x6923cc9c35230f0d18ef813a0f3aa88400c78409,0,316,139660,614829719,500000000,650719327,100,0x6db305b8,alchemy_ws,0,0,0,0x2
1759605086385,0x7a971368d95ce7a5bbcd0ebabbf9c25cb448e43f094142e8ce18fa59df8c4ed4,1,0x5d7e9933f010c8bd86f86adc9d18369dca9888bd,0x974caa59e49682cda0ad2bbe82983419a2ecc400,230111962210406,33,21000,111673856,0,111673856,0,,alchemy_ws,0,0,0,0x0
1759605086385,0x040570c6f1b93120e9a7630202ae2dc63006a7ce28cfaabc00d204f0bca44b86,1,0x28c6c06298d514db089934071355e5743bf21d60,0x3398ca67558913ef4bc02a87cd06622f4456b6d5,9674640000000000,13813245,207128,314829719,200000000,102000000000,0,,alchemy_ws,0,0,0,0x2
1759605086385,0xa8bac292509f0ffd89e2eaccdbfc47aa73ecfc3a01b77e1edb48baafd4041f55,1,0xe83cce7aac4dc94596545bc9b41d34547d713b48,0x974caa59e49682cda0ad2bbe82983419a2ecc400,229970198170970,29,21000,112094308,0,112094308,0,,alchemy_ws,0,0,0,0x0
1759605086385,0xa40d2f16740991d1c5b0243924bc0428773bde19ee56850635c5e719f521c2fe,1,0xfb162b00733228f7dac915fad6b4e419706a974f,0xa0b86991c6218b36c1d19d4a2e9eb0ce3606eb48,0,9,78000,181075383,79000000,300000000,68,0x095ea7b3,alchemy_ws,0,0,0,0x2
1759605086385,0xfe282e8af20a35ed0706f07a8c88bcdd7e343f56c81d790a2e916e1df088c7ea,1,0xbf7868eeed6697da00a908b90c85059e6e339bd0,0x974caa59e49682cda0ad2bbe82983419a2ecc400,230111962210406,27,21000,111673856,0,111673856,0,,alchemy_ws,0,0,0,0x0
1759605086385,0xb4b156b84cbb3e02da1969416fe8d596be1b305eb1d233b31addd02097a6415c,1,0x8f9324e58020aeae5d7b5802eda91e1141e05238,0xa0b86991c6218b36c1d19d4a2e9eb0ce3606eb48,0,356,78862,202075383,100000000,225764344,68,0xa9059cbb,alchemy_ws,0,0,0,0x2
1759605086385,0xcf651f78ed84f6aad6890a8e5bcca056324cd0ac3083a3788148ac685c382e11,1,0xcdb994f59e68e4b5827af3cb9aeb7cdd17fedc6c,0x95ad61b0a150d79219dcf64e1e6cc01f0b64c4ce,0,0,41774,114929719,100000,136915938,68,0xa9059cbb,alchemy_ws,0,0,0,0x2
1759605086385,0x4750ccaeeb8de4005df4065decbf2437b83946e786bf7d2451a332cc8fd42942,1,0x24e5428060d85789c23f452e3bbfac175a79cabf,0x85ca5279d4faec4ea61ba1299032c2203b978676,30641898813324110,3104,21000,145267129,0,145267129,0,,alchemy_ws,0,0,0,0x0
1759605086385,0xdf6be1d2737fcd2443a90da03ad56ff3d1d50b1e5886a4f1b6f96b3e3e2d5e6c,1,0x9776cbecf431869d7cce96819131476c2e0f4ed5,0x1f9840a85d5af5bf1d1762f925bdaddc4201f984,0,86609,69619,115376968,547249,148932044,68,0xa9059cbb,alchemy_ws,0,0,0,0x2
1759605086385,0x3d33239161a77d1097ad28ecc6dd7b77346741990afe9224a98b99ee10932e48,1,0xcc252c549255eb8bca9081755a49a24305821d48,0x974caa59e49682cda0ad2bbe82983419a2ecc400,229979027662970,31,21000,111673856,0,111673856,0,,alchemy_ws,0,0,0,0x0
1759605086385,0xc5572da433a49e88e69b16a3d6f7089cbafd74f4d76184c52a83d5e0f6344e27,1,0xf76984643b97a5b68337e729422a613138437ea7,0x974caa59e49682cda0ad2bbe82983419a2ecc400,229979027662970,3,21000,111673856,0,111673856,0,,alchemy_ws,0,0,0,0x0
1759605086385,0x772237fc2b1353cc5cac95e9c9e798b0196c06e10c8036ad6c568a63bd9872bd,1,0x863a9418a241127e031d8d30612eed14ee76fe5d,0x974caa59e49682cda0ad2bbe82983419a2ecc400,229979027662970,1,21000,111673856,0,111673856,0,,alchemy_ws,0,0,0,0x0
1759605086385,0xa46d70824a66d2ec2bb083fdb069b06be5ac982fb8f87559389760111e4908d3,1,0x4aab1ac8f5df57f1c9a13c993d233187de062d37,0x974caa59e49682cda0ad2bbe82983419a2ecc400,229979027662970,2,21000,111673856,0,111673856,0,,alchemy_ws,0,0,0,0x0
1759605086385,0xb6b84aa3d14bef18fd7a514f9faf699159c057d91a91dab897fb9fb7eeb0461a,1,0xbe9285332e54c7e049e94621418fe44856dec4a8,0x974caa59e49682cda0ad2bbe82983419a2ecc400,229979027662970,148,21000,111673856,0,111673856,0,,alchemy_ws,0,0,0,0x0
1759605086385,0x403a958a517139f8a9ac06d28773ccde8f2dece3dbecfa53e084b98c982b24b4,1,0xf3b7dd74f0ff9f1c5e1f9f3afe995638c7a67e89,0x6b175474e89094c44da98b954eedeac495271d0f,0,2,35078,1102075383,1000000000,1156517434,68,0xa9059cbb,alchemy_ws,0,0,0,0x2
1759605086385,0x6d77a0f5fdcb901d75f5ac82af5f2b7f49c48fd2a326781b7a1c6ada98fb39bf,1,0xb0a3ed89fd5cc495af9d7fbd84d0174bc9dfc70e,0x974caa59e49682cda0ad2bbe82983419a2ecc400,230111962210406,62,21000,111673856,0,111673856,0,,alchemy_ws,0,0,0,0x0
1759605086385,0xa2e04e323b1005ac237f22fedb407328d4f1d1e2ab05116a9e745635ca89cab0,1,0x623b462b532abec5f860e518debfa99898f6771c,0x6b175474e89094c44da98b954eedeac495271d0f,0,0,41666,102120248,44865,204195631,68,0xa9059cbb,alchemy_ws,0,0,0,0x2
1759605086385,0x8af85b334e616068b25a5bef2010737f32f2b2046de858103c970d64ff9e8493,1,0x8269d04983da2baa0e051b2d4e73b05ce32c4b01,0x974caa59e49682cda0ad2bbe82983419a2ecc400,229970198170970,94,21000,112094308,0,112094308,0,,alchemy_ws,0,0,0,0x0
1759605086385,0xbe457bf38e370fc31f7d60c0932458cc25c4c4310b5cd82f870c7b5b674aecb8,1,0x3a09c40f8f7b93c8c7e09a5422e56dfe7c7d2794,0x6c3ea9036406852006290770bedfcaba0e23a0e8,0,81873,114272,134008627,0,134008627,68,0xa9059cbb,alchemy_ws,0,0,0,0x1
1759605086385,0x884c184039abf20a7836b5a813d312a0b6de7b78a79adff28b825214a888aa83,1,0x2c7ba291d216241d5bba35310e4ba622d4328e97,0xa0b86991c6218b36c1d19d4a2e9eb0ce3606eb48,0,345,54648,115376968,547249,120945276,68,0xa9059cbb,alchemy_ws,0,0,0,0x2
1759605086385,0x7985d1617a6593a16ac1973f20b74d2367fa3f5e29461eb3631f39f794051d27,1,0x4b272df15e73d9c076170cda86d77c5cf3e41186,0x974caa59e49682cda0ad2bbe82983419a2ecc400,229970198170970,24,21000,112094308,0,112094308,0,,alchemy_ws,0,0,0,0x0
1759605086385,0x9f4483a50267ceff7bf6a5ceb95479d48151c847db610b9449bb2c5115d55ffd,1,0x389044f3ac7472060a0618116e3624a5f0f20f28,0x29ff344e1f6c51c9aa790f3ddb175880ae26c34a,93777313333182233,656189,21000,116376968,1547249,32123872811,0,,alchemy_ws,0,0,0,0x2
1759605086385,0x4d55ac5539091a5196ae463e624371123bc4e2bef0252c5d433793696d8c82fe,1,0x64896de4ca05834effa52a1b3903b9117faea641,0x9d64cb1f0e2176da6db17fe6a6c4756475843049,893670834253000,3,21000,614829719,500000000,650719327,0,,alchemy_ws,0,0,0,0x2
1759605086385,0xd03668e52ee2a49351c08a572c048273e42a5558f620c8208d3698dd092aca0d,1,0xbd4fc10516f90c4403ca554d67599ae68a16fc84,0x974caa59e49682cda0ad2bbe82983419a2ecc400,230111962210406,112,21000,111673856,0,111673856,0,,alchemy_ws,0,0,0,0x0
1759605086385,0x63854e823cb6aab60c393176d00b814c435e1e808f7c660e9a4e39796cc81d59,1,0x224789050c45ec23d894a44d899586856dcf3c53,0x974caa59e49682cda0ad2bbe82983419a2ecc400,229979027662970,147,21000,111673856,0,111673856,0,,alchemy_ws,0,0,0,0x0
1759605086385,0xea3f9ec49c00b2cb58e5623f2ebf64cc7a2cf7a574936a6b1ea98ab448919f9d,1,0x0e74c9e53158c69270e44995b817cc449232626f,0x974caa59e49682cda0ad2bbe82983419a2ecc400,229977565559090,1126,21000,111673856,0,111673856,0,,alchemy_ws,0,0,0,0x0
1759605086385,0xcc113d5fe0ab88d79e3a74781156a7eee5f1fb7da4f5ac8c8a5f2a5cf43f99e8,1,0x1535bb40deb2e211193ad583756993f71cb667fd,0x974caa59e49682cda0ad2bbe82983419a2ecc400,230111962210406,1,21000,111673856,0,111673856,0,,alchemy_ws,0,0,0,0x0
1759605086385,0x7825213b5d2ee5612c80c92bab6adf228037a68c5319cbc407d727b483125c32,1,0x0a138a5ea3642269e3fd4d490ac9bc3662d81690,0x7b93c904cd3906f59cdbf776d8efce45c2aa92c5,10559000000000000,0,21000,1660000000,1600000000,1660000000,0,,alchemy_ws,0,0,0,0x2
1759605086385,0xf247d24250dddc01852547ec226a8cdea03269b70695d8c2ee37756fc7decb32,1,0x54fa502c5cde7fe74cc9f10bfe0346e99fe97ce2,0x2d7804d99b26aa07f170dde2fc54626d2cc87eb9,8095762024860000,13,21000,201808340,201808340,201808340,0,,alchemy_ws,0,0,0,0x2
1759605086385,0x3667f4c271b11bc1d7aab9a805df959fe0945408309262938f5ddaae04fff61f,1,0xee4b182cd92fa770dfde4144dd1074a8d2920816,0x974caa59e49682cda0ad2bbe82983419a2ecc400,229979027662970,11,21000,111673856,0,111673856,0,,alchemy_ws,0,0,0,0x0
1759605086385,0x9fa6d483a2c80cc8c29e8bba3bd15909259362687c5edbc45eebe1d797a09091,1,0x1897fcce6c241ad9998d67e626547d2c07974dfa,0x974caa59e49682cda0ad2bbe82983419a2ecc400,208361997610406,23,21000,111673856,0,111673856,0,,alchemy_ws,0,0,0,0x0
1759605086385,0xf8ab9d35d9f4d215362cd1e7cb6e1b8d5ceea3fd7d2ec38160a90cfc64846b22,1,0xf70da97812cb96acdf810712aa562db8dfa3dbef,0xc5cecbf078ca893e683636f18daedd81613d5357,184810251060463,3824500,25200,764462020,662386637,785194977,32,0xe48dffc0,alchemy_ws,0,0,0,0x2
1759605086385,0xfbd3f48b8a81803b469dc2756079d7c6b5c9d91ff105870d01251e1697e7f4d2,1,0x3a33742c1a89988414e8198be88e6f4bc6422d69,0x974caa59e49682cda0ad2bbe82983419a2ecc400,229980489766850,3,21000,111673856,0,111673856,0,,alchemy_ws,0,0,0,0x0
1759605086385,0x94c832da9d617306f0dcb8e17a4e5ec383349b97de7b6146b7cdbb638b382da0,1,0x932f41abca31ea9830081f0042668e1af2f4170a,0x974caa59e49682cda0ad2bbe82983419a2ecc400,229979027662970,27,21000,111673856,0,111673856,0,,alchemy_ws,0,0,0,0x0
1759605086385,0xd75f42d226f424717d4f389e6f63506dd8c5e2b8b6c2bf9bc612290d21623d13,1,0xf5b7c44d298590f0e551bd5c891c5de1192619d6,0x974caa59e49682cda0ad2bbe82983419a2ecc400,230111962210406,61,21000,111673856,0,111673856,0,,alchemy_ws,0,0,0,0x0
1759605086385,0x46355770b48772040c9655bd3565049701826cbcc533529ebb14aceab8227610,1,0x4542a23f735d5fa984a71a4cbe8b3265063b79c6,0x87870bca3f3fd6335c3f4ce8392d69350b4fa4e2,0,69,300000,104232071,100000,110075814,132,0x617ba037,alchemy_ws,0,0,0,0x2
1759605086385,0x987239c0babd9a2a23ccea03e917015ba08fe4030acec13b088c56a33876e0fc,1,0x781689cd5ce83fa969a1ae562e04ba8a290b1847,0x974caa59e49682cda0ad2bbe82983419a2ecc400,230103132718406,1,21000,112094308,0,112094308,0,,alchemy_ws,0,0,0,0x0
1759605086385,0xee269f800ae6c53e5c3d34742c9328d31dcb7357d62239048572fa60601752c3,1,0xcee708a44f20a10dafd83da7e57852cc04da6afc,0x974caa59e49682cda0ad2bbe82983419a2ecc400,229970198170970,1,21000,112094308,0,112094308,0,,alchemy_ws,0,0,0,0x0
1759605086385,0xb9d7bd06359c47516b61cc0941b885b599f51fce8df530774195af600fa4223d,1,0xff49c5738856186811b8928ce1373e32a6dd7eb0,0xef4fb24ad0916217251f553c0596f8edc630eb66,43607448978317383,0,1040000,193829719,79000000,280000000,1092,0xb9303701,alchemy_ws,0,0,0,0x2
1759605086385,0xa72599be29cf8594ba9b3c2ba519faca686d6ef304a435ebdc0481cc5b0ea502,1,0x285305d01142b447233cf9eeb4f7e9f88b8e821d,0x974caa59e49682cda0ad2bbe82983419a2ecc400,229979027662970,19,21000,111673856,0,111673856,0,,alchemy_ws,0,0,0,0x0
1759605086385,0xf642e532f153f216c144f6d070e0efc0c18b8cef5efeadafdcbc109d870e28f1,1,0x15d09582756a2e50a4aabb2badee5c8f43e47778,0xb2b7ec098037ab9a9f36e7fb9412eb039484c90a,25634205944308000,39,23100,181075383,79000000,300000000,0,,alchemy_ws,0,0,0,0x2
1759605086385,0x3e9d315a49e301456266ad7d050d014e79363847992eef0b68a063dabcfb1d6b,1,0x6ee98845e9e2f2882f09aa15f017fae0a5bce50e,0x974caa59e49682cda0ad2bbe82983419a2ecc400,230111962210406,1,21000,111673856,0,111673856,0,,alchemy_ws,0,0,0,0x0
1759605086385,0xb444f9283b095f5faf83e8b93ea865609ba613d46bdf8444a05589d29c213ba3,1,0x4e240b5833b461b19d16eb98a2a77df47cc2b6d9,0xa4b5b1ba367abd6d2d625b17a3ee1195f10c1df8,118330487498600259,3,21000,620973395,620973395,620973395,0,,alchemy_ws,0,0,0,0x2
1759605086385,0x8047314de3672a9a8b030763eff0cb7a8cd43240cd54d72e21b66c451aeeebb9,1,0x68b25ccafab4d97c3953d6f3e07a75fd357fca12,0x974caa59e49682cda0ad2bbe82983419a2ecc400,229971660274850,202,21000,112094308,0,112094308,0,,alchemy_ws,0,0,0,0x0
1759605086385,0x0b04f565945de2d25bdcd4538a01fbf08f33688744fb27aeeca06b3ed4c19fbe,1,0x8bf6ce2867d838f0172b301df2250fe2e78bae11,0x974caa59e49682cda0ad2bbe82983419a2ecc400,208361997610406,19,21000,111673856,0,111673856,0,,alchemy_ws,0,0,0,0x0
